Rule	ID	Consequent	WRAcc_Norm	SuppDiff
0	-2064564462	0	0.684421	0.368842	
1	-1394823820	0	0.684421	0.368842	
2	1387698589	0	0.684421	0.368842	
3	-1899953386	0	0.684421	0.368842	
4	-2090386312	0	0.684421	0.368842	
5	1827052375	0	0.684421	0.368842	
6	968109929	0	0.684421	0.368842	
7	422209366	0	0.684421	0.368842	
8	-210670569	0	0.684421	0.368842	
9	1918463461	0	0.684421	0.368842	
10	-1239328157	0	0.684421	0.368842	
11	-386074360	0	0.684421	0.368842	
12	1558397056	0	0.684421	0.368842	
13	-457793101	0	0.684421	0.368842	
14	358486893	0	0.684421	0.368842	
15	-1403720287	0	0.684421	0.368842	
16	-1085460840	0	0.684421	0.368842	
17	-1491784150	0	0.684421	0.368842	
18	-113738766	0	0.684421	0.368842	
19	-2112844578	0	0.684421	0.368842	
20	1053823478	0	0.684421	0.368842	
21	-615740812	0	0.684421	0.368842	
22	911560900	0	0.684421	0.368842	
23	-482772573	0	0.684421	0.368842	
24	77843114	0	0.684421	0.368842	
25	344449240	0	0.684421	0.368842	
26	-297581363	0	0.684421	0.368842	
27	623581289	0	0.684421	0.368842	
28	1107456696	0	0.684421	0.368842	
29	513114220	0	0.684421	0.368842	
30	-1690888448	0	0.684421	0.368842	
31	-1241648709	0	0.684421	0.368842	
32	322272549	0	0.684421	0.368842	
33	973907981	0	0.684421	0.368842	
34	-1323105656	0	0.684421	0.368842	
35	15141286	0	0.684421	0.368842	
36	44962672	0	0.684421	0.368842	
37	1817306659	0	0.684421	0.368842	
38	169816444	0	0.684421	0.368842	
39	493127725	1	0.642604	0.285209	
40	599273173	1	0.642604	0.285209	
41	-624472821	1	0.642604	0.285209	
42	516050973	1	0.642604	0.285209	
43	2010054121	1	0.642604	0.285209	
44	752865489	1	0.642604	0.285209	
45	-1338659673	2	0.635923	0.271845	
46	110157930	2	0.635923	0.271845	
47	-1093747598	2	0.635923	0.271845	
48	-1697809710	2	0.635923	0.271845	
49	-1442786675	2	0.635923	0.271845	
50	-900125013	2	0.635923	0.271845	
51	624347642	2	0.635923	0.271845	
52	-1556034254	2	0.635923	0.271845	
53	-2011505161	2	0.635923	0.271845	
54	-1137670026	2	0.635923	0.271845	
55	1934821558	2	0.635923	0.271845	
56	467419573	2	0.635923	0.271845	
57	-1375788141	2	0.635923	0.271845	
58	-2088072297	2	0.635923	0.271845	
59	198180904	3	0.969130	0.938261	
60	871744783	3	0.969130	0.938261	
61	111906221	3	0.969130	0.938261	
62	452256795	3	0.969130	0.938261	
63	-1419331114	3	0.969130	0.938261	
64	304877573	3	0.969130	0.938261	
65	-434752990	3	0.969130	0.938261	
66	-838637868	3	0.969130	0.938261	
67	119865951	3	0.969130	0.938261	
68	1213689055	3	0.969130	0.938261	
69	-412193566	3	0.969130	0.938261	
70	786174935	3	0.969130	0.938261	
71	1627714232	3	0.969130	0.938261	
72	-1071341110	3	0.969130	0.938261	
73	-232540860	3	0.969130	0.938261	
74	1074629749	3	0.969130	0.938261	
75	1865451502	3	0.969130	0.938261	
76	19326957	3	0.969130	0.938261	
77	515311535	3	0.969130	0.938261	
78	-300885486	3	0.969130	0.938261	
79	-219269325	3	0.969130	0.938261	
80	-632715161	3	0.969130	0.938261	
81	1043563360	4	0.811354	0.622707	
82	393493321	4	0.811354	0.622707	
83	421677019	4	0.811354	0.622707	
84	-764507274	4	0.811354	0.622707	
85	-506015232	4	0.811354	0.622707	
86	-547062415	4	0.811354	0.622707	
87	533511035	4	0.811354	0.622707	
88	628552585	4	0.811354	0.622707	
89	968954692	4	0.811354	0.622707	
90	382231165	4	0.811354	0.622707	
91	1182663772	4	0.811354	0.622707	
92	283393805	4	0.811354	0.622707	
93	214944423	4	0.811354	0.622707	
94	280404792	4	0.811354	0.622707	
95	283219618	4	0.811354	0.622707	
96	-750661271	4	0.811354	0.622707	
97	-862391427	4	0.811354	0.622707	
98	1062333427	4	0.811354	0.622707	
99	-1071557896	4	0.811354	0.622707	
100	-128955732	4	0.811354	0.622707	
101	-339313737	4	0.811354	0.622707	
102	1049932865	4	0.811354	0.622707	
103	244186357	4	0.811354	0.622707	
104	455926675	4	0.811354	0.622707	
105	-1769288565	4	0.811354	0.622707	
106	-1935550259	5	0.874171	0.748341	
107	168719392	5	0.874171	0.748341	
108	1302624562	5	0.874171	0.748341	
109	485878193	5	0.874171	0.748341	
110	-2077821150	5	0.874171	0.748341	
111	-647479516	5	0.874171	0.748341	
112	1644174504	5	0.874171	0.748341	
113	1225088069	5	0.874171	0.748341	
114	-94268724	5	0.874171	0.748341	
115	45641444	5	0.874171	0.748341	
116	1023117990	5	0.874171	0.748341	
117	-783949940	5	0.874171	0.748341	
118	1800693	5	0.874171	0.748341	
119	735196177	5	0.874171	0.748341	
120	733951194	5	0.874171	0.748341	
121	-1863985420	5	0.874171	0.748341	
122	1554767644	5	0.874171	0.748341	
123	717205432	5	0.874171	0.748341	
124	1062101148	5	0.874171	0.748341	
125	241074794	5	0.874171	0.748341	
126	-13582338	6	0.888088	0.776176	
127	-352099960	6	0.888088	0.776176	
128	-1523289752	6	0.888088	0.776176	
129	-1859765821	6	0.888088	0.776176	
130	55590017	6	0.888088	0.776176	
131	-573111608	6	0.888088	0.776176	
132	-176267389	6	0.888088	0.776176	
133	-1930196643	6	0.888088	0.776176	
134	-1570340950	6	0.888088	0.776176	
135	-995459855	6	0.888088	0.776176	
136	1409013985	6	0.888088	0.776176	
137	-1698213978	6	0.888088	0.776176	
138	-1333631239	6	0.888088	0.776176	
139	178117429	6	0.888088	0.776176	
140	-264113446	6	0.888088	0.776176	
141	-541517478	6	0.888088	0.776176	
142	1810783699	6	0.888088	0.776176	
143	-92509218	6	0.888088	0.776176	
144	-1112155784	6	0.888088	0.776176	
145	767916537	6	0.888088	0.776176	
146	-1870825893	6	0.888088	0.776176	
147	-1508676903	6	0.888088	0.776176	
148	-1606409806	6	0.888088	0.776176	
149	-8730838	6	0.888088	0.776176	
150	-1938045521	6	0.888088	0.776176	
151	380091909	6	0.888088	0.776176	
152	1819561795	6	0.888088	0.776176	
153	-1564904064	6	0.888088	0.776176	
154	-969353937	7	0.636251	0.272502	
155	604733574	7	0.636251	0.272502	
156	-2138042508	7	0.636251	0.272502	
157	300376508	7	0.636251	0.272502	
158	-1393582642	7	0.636251	0.272502	
159	-235410659	7	0.636251	0.272502	
160	-1179739877	7	0.636251	0.272502	
161	2116693851	7	0.636251	0.272502	
162	1060365906	7	0.636251	0.272502	
163	1643708870	7	0.636251	0.272502	
164	702590485	7	0.636251	0.272502	
165	-1181216338	7	0.636251	0.272502	
166	2062668418	7	0.636251	0.272502	
167	236153147	7	0.636251	0.272502	
168	-1347522817	7	0.636251	0.272502	
169	264411639	7	0.636251	0.272502	
170	412954090	7	0.636251	0.272502	
171	-727194358	7	0.636251	0.272502	
172	-923436588	7	0.636251	0.272502	
173	-1989416550	7	0.636251	0.272502	
174	-682454504	7	0.636251	0.272502	
175	-1461373284	7	0.636251	0.272502	
176	-1100728239	7	0.636251	0.272502	
177	1907038299	7	0.636251	0.272502	
178	-862010272	7	0.636251	0.272502	
179	-890630336	8	0.749145	0.498289	
180	228182371	8	0.749145	0.498289	
181	419491452	8	0.749145	0.498289	
182	-1188180735	8	0.749145	0.498289	
183	-1590423254	8	0.749145	0.498289	
184	876386735	8	0.749145	0.498289	
185	-2018685666	8	0.749145	0.498289	
186	-2059021313	8	0.749145	0.498289	
187	-1726812576	8	0.749145	0.498289	
188	1225548529	8	0.749145	0.498289	
189	-1421913356	8	0.749145	0.498289	
190	-871360482	8	0.749145	0.498289	
191	-221569553	8	0.749145	0.498289	
192	-1491501732	8	0.749145	0.498289	
193	2123116315	8	0.749145	0.498289	
194	-1766584742	8	0.749145	0.498289	
195	81657436	8	0.749145	0.498289	
196	-1597114589	8	0.749145	0.498289	
197	-987308480	8	0.749145	0.498289	
198	-278573401	8	0.749145	0.498289	
199	2018184384	8	0.749145	0.498289	
200	1304988537	8	0.749145	0.498289	
201	-648771811	8	0.749145	0.498289	
202	-137850434	8	0.749145	0.498289	
203	-253026834	8	0.749145	0.498289	
204	-1361836749	8	0.749145	0.498289	
205	1260057395	8	0.749145	0.498289	
206	-1336042607	8	0.749145	0.498289	
207	1982016865	8	0.749145	0.498289	
208	792672049	8	0.749145	0.498289	
209	830809054	8	0.749145	0.498289	
210	724553144	8	0.749145	0.498289	
211	380615884	8	0.749145	0.498289	
212	-2105509944	8	0.749145	0.498289	
213	-2009917693	8	0.749145	0.498289	
214	684451148	8	0.749145	0.498289	
215	536974110	8	0.749145	0.498289	
216	124439604	8	0.749145	0.498289	
217	1788645676	8	0.749145	0.498289	
218	1073501056	8	0.749145	0.498289	
219	-1635252456	8	0.749145	0.498289	
220	-1829563878	8	0.749145	0.498289	
221	2130149281	8	0.749145	0.498289	
222	-1389658484	8	0.749145	0.498289	
223	-382368909	9	1.000000	1.000000	
224	1580065481	9	1.000000	1.000000	
225	-1826395331	9	1.000000	1.000000	
226	-2101227105	9	1.000000	1.000000	
227	2041984493	9	1.000000	1.000000	
228	630157038	9	1.000000	1.000000	
229	1104482740	9	1.000000	1.000000	
230	1622842271	9	1.000000	1.000000	
231	-911490411	9	1.000000	1.000000	
232	-48928691	9	1.000000	1.000000	
233	1619725554	9	1.000000	1.000000	
234	-1151442829	9	1.000000	1.000000	
235	-902836941	9	1.000000	1.000000	
236	-697352227	9	1.000000	1.000000	
237	-628437453	9	1.000000	1.000000	
238	197676363	9	1.000000	1.000000	
239	-1042424764	9	1.000000	1.000000	
240	-383775909	9	1.000000	1.000000	
241	310919307	9	1.000000	1.000000	
242	-1262330084	9	1.000000	1.000000	
------	------	------	0.791252	0.582504
